/*--------------------------------*- C++ -*----------------------------------*\
| generated by tesseracts/cfd/mesh/cgrid.py                                    |
\*-------------------------------------------------------------------------*/
FoamFile
{
    version     2.0;
    format      ascii;
    class       dictionary;
    object      blockMeshDict;
}

scale 1;

vertices
(
    (1 0 -0.025)
    (0 0 -0.025)
    (0.5 0.052861502 -0.025)
    (0.5 -0.052861502 -0.025)
    (1 20 -0.025)
    (0 20 -0.025)
    (-20 0 -0.025)
    (0 -20 -0.025)
    (1 -20 -0.025)
    (25 20 -0.025)
    (25 0 -0.025)
    (25 -20 -0.025)
    (1 0 0.025)
    (0 0 0.025)
    (0.5 0.052861502 0.025)
    (0.5 -0.052861502 0.025)
    (1 20 0.025)
    (0 20 0.025)
    (-20 0 0.025)
    (0 -20 0.025)
    (1 -20 0.025)
    (25 20 0.025)
    (25 0 0.025)
    (25 -20 0.025)
);

blocks
(
    hex (0 4 5 2 12 16 17 14) (128 48 1) simpleGrading (231724 1 1)
    hex (2 5 6 1 14 17 18 13) (128 48 1) simpleGrading (231724 1 1)
    hex (1 6 7 3 13 18 19 15) (128 48 1) simpleGrading (231724 1 1)
    hex (3 7 8 0 15 19 20 12) (128 48 1) simpleGrading (231724 1 1)
    hex (0 10 9 4 12 22 21 16) (64 128 1) simpleGrading (300 231724 1)
    hex (0 8 11 10 12 20 23 22) (128 64 1) simpleGrading (231724 300 1)
);

edges
(
    spline 0 2 ((0.9999036202 1.40079207e-05 -0.025) (0.9996145181 5.601576049e-05 -0.025) (0.9991328051 0.0001259757964 -0.025) (0.9984586669 0.000223808636 -0.025) (0.9975923633 0.0003494034356 -0.025) (0.9965342285 0.000502618204 -0.025) (0.9952846702 0.0006832801884 -0.025) (0.9938441703 0.0008911863437 -0.025) (0.992213284 0.001126103878 -0.025) (0.9903926402 0.001387770873 -0.025) (0.9883829407 0.001675896978 -0.025) (0.9861849602 0.001990164169 -0.025) (0.9837995462 0.002330227568 -0.025) (0.9812276182 0.002695716324 -0.025) (0.9784701679 0.003086234541 -0.025) (0.9755282581 0.003501362259 -0.025) (0.9724030232 0.00394065647 -0.025) (0.969095668 0.004403652166 -0.025) (0.9656074674 0.004889863426 -0.025) (0.9619397663 0.005398784514 -0.025) (0.9580939786 0.005929890994 -0.025) (0.9540715869 0.006482640862 -0.025) (0.949874142 0.007056475669 -0.025) (0.9455032621 0.007650821647 -0.025) (0.9409606322 0.008265090823 -0.025) (0.9362480035 0.008898682114 -0.025) (0.931367193 0.009550982402 -0.025) (0.9263200822 0.01022136758 -0.025) (0.9211086169 0.01090920355 -0.025) (0.9157348062 0.01161384721 -0.025) (0.9102007218 0.01233464739 -0.025) (0.9045084972 0.01307094569 -0.025) (0.8986603269 0.01382207733 -0.025) (0.8926584654 0.01458737193 -0.025) (0.8865052267 0.01536615419 -0.025) (0.8802029828 0.01615774452 -0.025) (0.8737541634 0.01696145969 -0.025) (0.8671612547 0.01777661324 -0.025) (0.8604267984 0.018602516 -0.025) (0.8535533906 0.01943847644 -0.025) (0.8465436813 0.02028380095 -0.025) (0.8394003728 0.02113779412 -0.025) (0.832126219 0.02199975885 -0.025) (0.8247240242 0.02286899653 -0.025) (0.8171966421 0.02374480699 -0.025) (0.8095469747 0.02462648856 -0.025) (0.801777971 0.02551333791 -0.025) (0.7938926261 0.02640464997 -0.025) (0.7858939801 0.02729971774 -0.025) (0.7777851165 0.02819783202 -0.025) (0.7695691615 0.02909828117 -0.025) (0.7612492824 0.0300003508 -0.025) (0.7528286867 0.0309033234 -0.025) (0.7443106207 0.03180647803 -0.025) (0.7356983684 0.0327090899 -0.025) (0.7269952499 0.03361042998 -0.025) (0.7182046203 0.03450976463 -0.025) (0.7093298688 0.0354063552 -0.025) (0.7003744166 0.03629945763 -0.025) (0.6913417162 0.03718832209 -0.025) (0.6822352499 0.03807219267 -0.025) (0.6730585285 0.03895030701 -0.025) (0.6638150898 0.03982189606 -0.025) (0.6545084972 0.04068618385 -0.025) (0.6451423386 0.04154238731 -0.025) (0.6357202249 0.04238971609 -0.025) (0.6262457885 0.04322737258 -0.025) (0.6167226819 0.04405455184 -0.025) (0.6071545765 0.04487044173 -0.025) (0.597545161 0.045674223 -0.025) (0.58789814 0.04646506959 -0.025) (0.5782172325 0.04724214891 -0.025) (0.5685061708 0.04800462222 -0.025) (0.5587686987 0.04875164519 -0.025) (0.5490085702 0.04948236845 -0.025) (0.5392295479 0.05019593826 -0.025) (0.5294354018 0.0508914973 -0.025) (0.5196299079 0.05156818557 -0.025) (0.5098168462 0.05222514129 -0.025))
    spline 2 1 ((0.4901831538 0.05347640572 -0.025) (0.4803700921 0.05406899214 -0.025) (0.4705645982 0.05463840396 -0.025) (0.4607704521 0.05518378832 -0.025) (0.4509914298 0.05570429821 -0.025) (0.4412313013 0.05619909406 -0.025) (0.4314938292 0.05666734536 -0.025) (0.4217827675 0.0571082323 -0.025) (0.41210186 0.0575209475 -0.025) (0.402454839 0.05790469777 -0.025) (0.3928454235 0.05825870593 -0.025) (0.3832773181 0.0585822126 -0.025) (0.3737542115 0.05887447809 -0.025) (0.3642797751 0.05913478422 -0.025) (0.3548576614 0.0593624362 -0.025) (0.3454915028 0.05955676447 -0.025) (0.3361849102 0.05971712651 -0.025) (0.3269414715 0.05984290866 -0.025) (0.3177647501 0.05993352789 -0.025) (0.3086582838 0.05998843348 -0.025) (0.2996255834 0.06000710869 -0.025) (0.2906701312 0.05998907234 -0.025) (0.2817953797 0.05993388032 -0.025) (0.2730047501 0.05984112699 -0.025) (0.2643016316 0.05971044652 -0.025) (0.2556893793 0.05954151408 -0.025) (0.2471713133 0.05933404698 -0.025) (0.2387507176 0.05908780559 -0.025) (0.2304308385 0.05880259424 -0.025) (0.2222148835 0.05847826188 -0.025) (0.2141060199 0.05811470269 -0.025) (0.2061073739 0.05771185648 -0.025) (0.198222029 0.05726970896 -0.025) (0.1904530253 0.05678829183 -0.025) (0.1828033579 0.05626768274 -0.025) (0.1752759758 0.05570800506 -0.025) (0.167873781 0.05510942752 -0.025) (0.1605996272 0.05447216361 -0.025) (0.1534563187 0.05379647089 -0.025) (0.1464466094 0.05308265012 -0.025) (0.1395732016 0.05233104416 -0.025) (0.1328387453 0.05154203678 -0.025) (0.1262458366 0.05071605127 -0.025) (0.1197970172 0.04985354893 -0.025) (0.1134947733 0.04895502735 -0.025) (0.1073415346 0.04802101861 -0.025) (0.1013396731 0.0470520873 -0.025) (0.09549150281 0.0460488284 -0.025) (0.08979927824 0.04501186508 -0.025) (0.08426519385 0.04394184636 -0.025) (0.07889138314 0.04283944462 -0.025) (0.07367991782 0.04170535311 -0.025) (0.06863280701 0.0405402833 -0.025) (0.06375199646 0.03934496217 -0.025) (0.05903936783 0.03812012946 -0.025) (0.05449673791 0.03686653483 -0.025) (0.05012585797 0.03558493504 -0.025) (0.04592841309 0.03427609103 -0.025) (0.04190602144 0.03294076505 -0.025) (0.03806023374 0.03157971777 -0.025) (0.03439253262 0.03019370538 -0.025) (0.03090433204 0.02878347675 -0.025) (0.02759697677 0.02734977059 -0.025) (0.02447174185 0.02589331272 -0.025) (0.02152983213 0.02441481335 -0.025) (0.01877238177 0.02291496443 -0.025) (0.01620045382 0.02139443719 -0.025) (0.0138150398 0.01985387963 -0.025) (0.01161705934 0.01829391425 -0.025) (0.009607359798 0.01671513582 -0.025) (0.007786715955 0.01511810934 -0.025) (0.006155829702 0.01350336812 -0.025) (0.004715329778 0.011871412 -0.025) (0.003465771523 0.01022270577 -0.025) (0.002407636664 0.008557677677 -0.025) (0.001541333133 0.006876718239 -0.025) (0.0008671949076 0.005180179111 -0.025) (0.0003854818796 0.003468372207 -0.025) (9.637975897e-05 0.001741568997 -0.025))
    spline 1 3 ((9.637975897e-05 -0.001741568997 -0.025) (0.0003854818796 -0.003468372207 -0.025) (0.0008671949076 -0.005180179111 -0.025) (0.001541333133 -0.006876718239 -0.025) (0.002407636664 -0.008557677677 -0.025) (0.003465771523 -0.01022270577 -0.025) (0.004715329778 -0.011871412 -0.025) (0.006155829702 -0.01350336812 -0.025) (0.007786715955 -0.01511810934 -0.025) (0.009607359798 -0.01671513582 -0.025) (0.01161705934 -0.01829391425 -0.025) (0.0138150398 -0.01985387963 -0.025) (0.01620045382 -0.02139443719 -0.025) (0.01877238177 -0.02291496443 -0.025) (0.02152983213 -0.02441481335 -0.025) (0.02447174185 -0.02589331272 -0.025) (0.02759697677 -0.02734977059 -0.025) (0.03090433204 -0.02878347675 -0.025) (0.03439253262 -0.03019370538 -0.025) (0.03806023374 -0.03157971777 -0.025) (0.04190602144 -0.03294076505 -0.025) (0.04592841309 -0.03427609103 -0.025) (0.05012585797 -0.03558493504 -0.025) (0.05449673791 -0.03686653483 -0.025) (0.05903936783 -0.03812012946 -0.025) (0.06375199646 -0.03934496217 -0.025) (0.06863280701 -0.0405402833 -0.025) (0.07367991782 -0.04170535311 -0.025) (0.07889138314 -0.04283944462 -0.025) (0.08426519385 -0.04394184636 -0.025) (0.08979927824 -0.04501186508 -0.025) (0.09549150281 -0.0460488284 -0.025) (0.1013396731 -0.0470520873 -0.025) (0.1073415346 -0.04802101861 -0.025) (0.1134947733 -0.04895502735 -0.025) (0.1197970172 -0.04985354893 -0.025) (0.1262458366 -0.05071605127 -0.025) (0.1328387453 -0.05154203678 -0.025) (0.1395732016 -0.05233104416 -0.025) (0.1464466094 -0.05308265012 -0.025) (0.1534563187 -0.05379647089 -0.025) (0.1605996272 -0.05447216361 -0.025) (0.167873781 -0.05510942752 -0.025) (0.1752759758 -0.05570800506 -0.025) (0.1828033579 -0.05626768274 -0.025) (0.1904530253 -0.05678829183 -0.025) (0.198222029 -0.05726970896 -0.025) (0.2061073739 -0.05771185648 -0.025) (0.2141060199 -0.05811470269 -0.025) (0.2222148835 -0.05847826188 -0.025) (0.2304308385 -0.05880259424 -0.025) (0.2387507176 -0.05908780559 -0.025) (0.2471713133 -0.05933404698 -0.025) (0.2556893793 -0.05954151408 -0.025) (0.2643016316 -0.05971044652 -0.025) (0.2730047501 -0.05984112699 -0.025) (0.2817953797 -0.05993388032 -0.025) (0.2906701312 -0.05998907234 -0.025) (0.2996255834 -0.06000710869 -0.025) (0.3086582838 -0.05998843348 -0.025) (0.3177647501 -0.05993352789 -0.025) (0.3269414715 -0.05984290866 -0.025) (0.3361849102 -0.05971712651 -0.025) (0.3454915028 -0.05955676447 -0.025) (0.3548576614 -0.0593624362 -0.025) (0.3642797751 -0.05913478422 -0.025) (0.3737542115 -0.05887447809 -0.025) (0.3832773181 -0.0585822126 -0.025) (0.3928454235 -0.05825870593 -0.025) (0.402454839 -0.05790469777 -0.025) (0.41210186 -0.0575209475 -0.025) (0.4217827675 -0.0571082323 -0.025) (0.4314938292 -0.05666734536 -0.025) (0.4412313013 -0.05619909406 -0.025) (0.4509914298 -0.05570429821 -0.025) (0.4607704521 -0.05518378832 -0.025) (0.4705645982 -0.05463840396 -0.025) (0.4803700921 -0.05406899214 -0.025) (0.4901831538 -0.05347640572 -0.025))
    spline 3 0 ((0.5098168462 -0.05222514129 -0.025) (0.5196299079 -0.05156818557 -0.025) (0.5294354018 -0.0508914973 -0.025) (0.5392295479 -0.05019593826 -0.025) (0.5490085702 -0.04948236845 -0.025) (0.5587686987 -0.04875164519 -0.025) (0.5685061708 -0.04800462222 -0.025) (0.5782172325 -0.04724214891 -0.025) (0.58789814 -0.04646506959 -0.025) (0.597545161 -0.045674223 -0.025) (0.6071545765 -0.04487044173 -0.025) (0.6167226819 -0.04405455184 -0.025) (0.6262457885 -0.04322737258 -0.025) (0.6357202249 -0.04238971609 -0.025) (0.6451423386 -0.04154238731 -0.025) (0.6545084972 -0.04068618385 -0.025) (0.6638150898 -0.03982189606 -0.025) (0.6730585285 -0.03895030701 -0.025) (0.6822352499 -0.03807219267 -0.025) (0.6913417162 -0.03718832209 -0.025) (0.7003744166 -0.03629945763 -0.025) (0.7093298688 -0.0354063552 -0.025) (0.7182046203 -0.03450976463 -0.025) (0.7269952499 -0.03361042998 -0.025) (0.7356983684 -0.0327090899 -0.025) (0.7443106207 -0.03180647803 -0.025) (0.7528286867 -0.0309033234 -0.025) (0.7612492824 -0.0300003508 -0.025) (0.7695691615 -0.02909828117 -0.025) (0.7777851165 -0.02819783202 -0.025) (0.7858939801 -0.02729971774 -0.025) (0.7938926261 -0.02640464997 -0.025) (0.801777971 -0.02551333791 -0.025) (0.8095469747 -0.02462648856 -0.025) (0.8171966421 -0.02374480699 -0.025) (0.8247240242 -0.02286899653 -0.025) (0.832126219 -0.02199975885 -0.025) (0.8394003728 -0.02113779412 -0.025) (0.8465436813 -0.02028380095 -0.025) (0.8535533906 -0.01943847644 -0.025) (0.8604267984 -0.018602516 -0.025) (0.8671612547 -0.01777661324 -0.025) (0.8737541634 -0.01696145969 -0.025) (0.8802029828 -0.01615774452 -0.025) (0.8865052267 -0.01536615419 -0.025) (0.8926584654 -0.01458737193 -0.025) (0.8986603269 -0.01382207733 -0.025) (0.9045084972 -0.01307094569 -0.025) (0.9102007218 -0.01233464739 -0.025) (0.9157348062 -0.01161384721 -0.025) (0.9211086169 -0.01090920355 -0.025) (0.9263200822 -0.01022136758 -0.025) (0.931367193 -0.009550982402 -0.025) (0.9362480035 -0.008898682114 -0.025) (0.9409606322 -0.008265090823 -0.025) (0.9455032621 -0.007650821647 -0.025) (0.949874142 -0.007056475669 -0.025) (0.9540715869 -0.006482640862 -0.025) (0.9580939786 -0.005929890994 -0.025) (0.9619397663 -0.005398784514 -0.025) (0.9656074674 -0.004889863426 -0.025) (0.969095668 -0.004403652166 -0.025) (0.9724030232 -0.00394065647 -0.025) (0.9755282581 -0.003501362259 -0.025) (0.9784701679 -0.003086234541 -0.025) (0.9812276182 -0.002695716324 -0.025) (0.9837995462 -0.002330227568 -0.025) (0.9861849602 -0.001990164169 -0.025) (0.9883829407 -0.001675896978 -0.025) (0.9903926402 -0.001387770873 -0.025) (0.992213284 -0.001126103878 -0.025) (0.9938441703 -0.0008911863437 -0.025) (0.9952846702 -0.0006832801884 -0.025) (0.9965342285 -0.000502618204 -0.025) (0.9975923633 -0.0003494034356 -0.025) (0.9984586669 -0.000223808636 -0.025) (0.9991328051 -0.0001259757964 -0.025) (0.9996145181 -5.601576049e-05 -0.025) (0.9999036202 -1.40079207e-05 -0.025))
    arc 5 6 (-14.14213562 14.14213562 -0.025)
    arc 6 7 (-14.14213562 -14.14213562 -0.025)
    spline 12 14 ((0.9999036202 1.40079207e-05 0.025) (0.9996145181 5.601576049e-05 0.025) (0.9991328051 0.0001259757964 0.025) (0.9984586669 0.000223808636 0.025) (0.9975923633 0.0003494034356 0.025) (0.9965342285 0.000502618204 0.025) (0.9952846702 0.0006832801884 0.025) (0.9938441703 0.0008911863437 0.025) (0.992213284 0.001126103878 0.025) (0.9903926402 0.001387770873 0.025) (0.9883829407 0.001675896978 0.025) (0.9861849602 0.001990164169 0.025) (0.9837995462 0.002330227568 0.025) (0.9812276182 0.002695716324 0.025) (0.9784701679 0.003086234541 0.025) (0.9755282581 0.003501362259 0.025) (0.9724030232 0.00394065647 0.025) (0.969095668 0.004403652166 0.025) (0.9656074674 0.004889863426 0.025) (0.9619397663 0.005398784514 0.025) (0.9580939786 0.005929890994 0.025) (0.9540715869 0.006482640862 0.025) (0.949874142 0.007056475669 0.025) (0.9455032621 0.007650821647 0.025) (0.9409606322 0.008265090823 0.025) (0.9362480035 0.008898682114 0.025) (0.931367193 0.009550982402 0.025) (0.9263200822 0.01022136758 0.025) (0.9211086169 0.01090920355 0.025) (0.9157348062 0.01161384721 0.025) (0.9102007218 0.01233464739 0.025) (0.9045084972 0.01307094569 0.025) (0.8986603269 0.01382207733 0.025) (0.8926584654 0.01458737193 0.025) (0.8865052267 0.01536615419 0.025) (0.8802029828 0.01615774452 0.025) (0.8737541634 0.01696145969 0.025) (0.8671612547 0.01777661324 0.025) (0.8604267984 0.018602516 0.025) (0.8535533906 0.01943847644 0.025) (0.8465436813 0.02028380095 0.025) (0.8394003728 0.02113779412 0.025) (0.832126219 0.02199975885 0.025) (0.8247240242 0.02286899653 0.025) (0.8171966421 0.02374480699 0.025) (0.8095469747 0.02462648856 0.025) (0.801777971 0.02551333791 0.025) (0.7938926261 0.02640464997 0.025) (0.7858939801 0.02729971774 0.025) (0.7777851165 0.02819783202 0.025) (0.7695691615 0.02909828117 0.025) (0.7612492824 0.0300003508 0.025) (0.7528286867 0.0309033234 0.025) (0.7443106207 0.03180647803 0.025) (0.7356983684 0.0327090899 0.025) (0.7269952499 0.03361042998 0.025) (0.7182046203 0.03450976463 0.025) (0.7093298688 0.0354063552 0.025) (0.7003744166 0.03629945763 0.025) (0.6913417162 0.03718832209 0.025) (0.6822352499 0.03807219267 0.025) (0.6730585285 0.03895030701 0.025) (0.6638150898 0.03982189606 0.025) (0.6545084972 0.04068618385 0.025) (0.6451423386 0.04154238731 0.025) (0.6357202249 0.04238971609 0.025) (0.6262457885 0.04322737258 0.025) (0.6167226819 0.04405455184 0.025) (0.6071545765 0.04487044173 0.025) (0.597545161 0.045674223 0.025) (0.58789814 0.04646506959 0.025) (0.5782172325 0.04724214891 0.025) (0.5685061708 0.04800462222 0.025) (0.5587686987 0.04875164519 0.025) (0.5490085702 0.04948236845 0.025) (0.5392295479 0.05019593826 0.025) (0.5294354018 0.0508914973 0.025) (0.5196299079 0.05156818557 0.025) (0.5098168462 0.05222514129 0.025))
    spline 14 13 ((0.4901831538 0.05347640572 0.025) (0.4803700921 0.05406899214 0.025) (0.4705645982 0.05463840396 0.025) (0.4607704521 0.05518378832 0.025) (0.4509914298 0.05570429821 0.025) (0.4412313013 0.05619909406 0.025) (0.4314938292 0.05666734536 0.025) (0.4217827675 0.0571082323 0.025) (0.41210186 0.0575209475 0.025) (0.402454839 0.05790469777 0.025) (0.3928454235 0.05825870593 0.025) (0.3832773181 0.0585822126 0.025) (0.3737542115 0.05887447809 0.025) (0.3642797751 0.05913478422 0.025) (0.3548576614 0.0593624362 0.025) (0.3454915028 0.05955676447 0.025) (0.3361849102 0.05971712651 0.025) (0.3269414715 0.05984290866 0.025) (0.3177647501 0.05993352789 0.025) (0.3086582838 0.05998843348 0.025) (0.2996255834 0.06000710869 0.025) (0.2906701312 0.05998907234 0.025) (0.2817953797 0.05993388032 0.025) (0.2730047501 0.05984112699 0.025) (0.2643016316 0.05971044652 0.025) (0.2556893793 0.05954151408 0.025) (0.2471713133 0.05933404698 0.025) (0.2387507176 0.05908780559 0.025) (0.2304308385 0.05880259424 0.025) (0.2222148835 0.05847826188 0.025) (0.2141060199 0.05811470269 0.025) (0.2061073739 0.05771185648 0.025) (0.198222029 0.05726970896 0.025) (0.1904530253 0.05678829183 0.025) (0.1828033579 0.05626768274 0.025) (0.1752759758 0.05570800506 0.025) (0.167873781 0.05510942752 0.025) (0.1605996272 0.05447216361 0.025) (0.1534563187 0.05379647089 0.025) (0.1464466094 0.05308265012 0.025) (0.1395732016 0.05233104416 0.025) (0.1328387453 0.05154203678 0.025) (0.1262458366 0.05071605127 0.025) (0.1197970172 0.04985354893 0.025) (0.1134947733 0.04895502735 0.025) (0.1073415346 0.04802101861 0.025) (0.1013396731 0.0470520873 0.025) (0.09549150281 0.0460488284 0.025) (0.08979927824 0.04501186508 0.025) (0.08426519385 0.04394184636 0.025) (0.07889138314 0.04283944462 0.025) (0.07367991782 0.04170535311 0.025) (0.06863280701 0.0405402833 0.025) (0.06375199646 0.03934496217 0.025) (0.05903936783 0.03812012946 0.025) (0.05449673791 0.03686653483 0.025) (0.05012585797 0.03558493504 0.025) (0.04592841309 0.03427609103 0.025) (0.04190602144 0.03294076505 0.025) (0.03806023374 0.03157971777 0.025) (0.03439253262 0.03019370538 0.025) (0.03090433204 0.02878347675 0.025) (0.02759697677 0.02734977059 0.025) (0.02447174185 0.02589331272 0.025) (0.02152983213 0.02441481335 0.025) (0.01877238177 0.02291496443 0.025) (0.01620045382 0.02139443719 0.025) (0.0138150398 0.01985387963 0.025) (0.01161705934 0.01829391425 0.025) (0.009607359798 0.01671513582 0.025) (0.007786715955 0.01511810934 0.025) (0.006155829702 0.01350336812 0.025) (0.004715329778 0.011871412 0.025) (0.003465771523 0.01022270577 0.025) (0.002407636664 0.008557677677 0.025) (0.001541333133 0.006876718239 0.025) (0.0008671949076 0.005180179111 0.025) (0.0003854818796 0.003468372207 0.025) (9.637975897e-05 0.001741568997 0.025))
    spline 13 15 ((9.637975897e-05 -0.001741568997 0.025) (0.0003854818796 -0.003468372207 0.025) (0.0008671949076 -0.005180179111 0.025) (0.001541333133 -0.006876718239 0.025) (0.002407636664 -0.008557677677 0.025) (0.003465771523 -0.01022270577 0.025) (0.004715329778 -0.011871412 0.025) (0.006155829702 -0.01350336812 0.025) (0.007786715955 -0.01511810934 0.025) (0.009607359798 -0.01671513582 0.025) (0.01161705934 -0.01829391425 0.025) (0.0138150398 -0.01985387963 0.025) (0.01620045382 -0.02139443719 0.025) (0.01877238177 -0.02291496443 0.025) (0.02152983213 -0.02441481335 0.025) (0.02447174185 -0.02589331272 0.025) (0.02759697677 -0.02734977059 0.025) (0.03090433204 -0.02878347675 0.025) (0.03439253262 -0.03019370538 0.025) (0.03806023374 -0.03157971777 0.025) (0.04190602144 -0.03294076505 0.025) (0.04592841309 -0.03427609103 0.025) (0.05012585797 -0.03558493504 0.025) (0.05449673791 -0.03686653483 0.025) (0.05903936783 -0.03812012946 0.025) (0.06375199646 -0.03934496217 0.025) (0.06863280701 -0.0405402833 0.025) (0.07367991782 -0.04170535311 0.025) (0.07889138314 -0.04283944462 0.025) (0.08426519385 -0.04394184636 0.025) (0.08979927824 -0.04501186508 0.025) (0.09549150281 -0.0460488284 0.025) (0.1013396731 -0.0470520873 0.025) (0.1073415346 -0.04802101861 0.025) (0.1134947733 -0.04895502735 0.025) (0.1197970172 -0.04985354893 0.025) (0.1262458366 -0.05071605127 0.025) (0.1328387453 -0.05154203678 0.025) (0.1395732016 -0.05233104416 0.025) (0.1464466094 -0.05308265012 0.025) (0.1534563187 -0.05379647089 0.025) (0.1605996272 -0.05447216361 0.025) (0.167873781 -0.05510942752 0.025) (0.1752759758 -0.05570800506 0.025) (0.1828033579 -0.05626768274 0.025) (0.1904530253 -0.05678829183 0.025) (0.198222029 -0.05726970896 0.025) (0.2061073739 -0.05771185648 0.025) (0.2141060199 -0.05811470269 0.025) (0.2222148835 -0.05847826188 0.025) (0.2304308385 -0.05880259424 0.025) (0.2387507176 -0.05908780559 0.025) (0.2471713133 -0.05933404698 0.025) (0.2556893793 -0.05954151408 0.025) (0.2643016316 -0.05971044652 0.025) (0.2730047501 -0.05984112699 0.025) (0.2817953797 -0.05993388032 0.025) (0.2906701312 -0.05998907234 0.025) (0.2996255834 -0.06000710869 0.025) (0.3086582838 -0.05998843348 0.025) (0.3177647501 -0.05993352789 0.025) (0.3269414715 -0.05984290866 0.025) (0.3361849102 -0.05971712651 0.025) (0.3454915028 -0.05955676447 0.025) (0.3548576614 -0.0593624362 0.025) (0.3642797751 -0.05913478422 0.025) (0.3737542115 -0.05887447809 0.025) (0.3832773181 -0.0585822126 0.025) (0.3928454235 -0.05825870593 0.025) (0.402454839 -0.05790469777 0.025) (0.41210186 -0.0575209475 0.025) (0.4217827675 -0.0571082323 0.025) (0.4314938292 -0.05666734536 0.025) (0.4412313013 -0.05619909406 0.025) (0.4509914298 -0.05570429821 0.025) (0.4607704521 -0.05518378832 0.025) (0.4705645982 -0.05463840396 0.025) (0.4803700921 -0.05406899214 0.025) (0.4901831538 -0.05347640572 0.025))
    spline 15 12 ((0.5098168462 -0.05222514129 0.025) (0.5196299079 -0.05156818557 0.025) (0.5294354018 -0.0508914973 0.025) (0.5392295479 -0.05019593826 0.025) (0.5490085702 -0.04948236845 0.025) (0.5587686987 -0.04875164519 0.025) (0.5685061708 -0.04800462222 0.025) (0.5782172325 -0.04724214891 0.025) (0.58789814 -0.04646506959 0.025) (0.597545161 -0.045674223 0.025) (0.6071545765 -0.04487044173 0.025) (0.6167226819 -0.04405455184 0.025) (0.6262457885 -0.04322737258 0.025) (0.6357202249 -0.04238971609 0.025) (0.6451423386 -0.04154238731 0.025) (0.6545084972 -0.04068618385 0.025) (0.6638150898 -0.03982189606 0.025) (0.6730585285 -0.03895030701 0.025) (0.6822352499 -0.03807219267 0.025) (0.6913417162 -0.03718832209 0.025) (0.7003744166 -0.03629945763 0.025) (0.7093298688 -0.0354063552 0.025) (0.7182046203 -0.03450976463 0.025) (0.7269952499 -0.03361042998 0.025) (0.7356983684 -0.0327090899 0.025) (0.7443106207 -0.03180647803 0.025) (0.7528286867 -0.0309033234 0.025) (0.7612492824 -0.0300003508 0.025) (0.7695691615 -0.02909828117 0.025) (0.7777851165 -0.02819783202 0.025) (0.7858939801 -0.02729971774 0.025) (0.7938926261 -0.02640464997 0.025) (0.801777971 -0.02551333791 0.025) (0.8095469747 -0.02462648856 0.025) (0.8171966421 -0.02374480699 0.025) (0.8247240242 -0.02286899653 0.025) (0.832126219 -0.02199975885 0.025) (0.8394003728 -0.02113779412 0.025) (0.8465436813 -0.02028380095 0.025) (0.8535533906 -0.01943847644 0.025) (0.8604267984 -0.018602516 0.025) (0.8671612547 -0.01777661324 0.025) (0.8737541634 -0.01696145969 0.025) (0.8802029828 -0.01615774452 0.025) (0.8865052267 -0.01536615419 0.025) (0.8926584654 -0.01458737193 0.025) (0.8986603269 -0.01382207733 0.025) (0.9045084972 -0.01307094569 0.025) (0.9102007218 -0.01233464739 0.025) (0.9157348062 -0.01161384721 0.025) (0.9211086169 -0.01090920355 0.025) (0.9263200822 -0.01022136758 0.025) (0.931367193 -0.009550982402 0.025) (0.9362480035 -0.008898682114 0.025) (0.9409606322 -0.008265090823 0.025) (0.9455032621 -0.007650821647 0.025) (0.949874142 -0.007056475669 0.025) (0.9540715869 -0.006482640862 0.025) (0.9580939786 -0.005929890994 0.025) (0.9619397663 -0.005398784514 0.025) (0.9656074674 -0.004889863426 0.025) (0.969095668 -0.004403652166 0.025) (0.9724030232 -0.00394065647 0.025) (0.9755282581 -0.003501362259 0.025) (0.9784701679 -0.003086234541 0.025) (0.9812276182 -0.002695716324 0.025) (0.9837995462 -0.002330227568 0.025) (0.9861849602 -0.001990164169 0.025) (0.9883829407 -0.001675896978 0.025) (0.9903926402 -0.001387770873 0.025) (0.992213284 -0.001126103878 0.025) (0.9938441703 -0.0008911863437 0.025) (0.9952846702 -0.0006832801884 0.025) (0.9965342285 -0.000502618204 0.025) (0.9975923633 -0.0003494034356 0.025) (0.9984586669 -0.000223808636 0.025) (0.9991328051 -0.0001259757964 0.025) (0.9996145181 -5.601576049e-05 0.025) (0.9999036202 -1.40079207e-05 0.025))
    arc 17 18 (-14.14213562 14.14213562 0.025)
    arc 18 19 (-14.14213562 -14.14213562 0.025)
);

boundary
(
    airfoil
    {
        type wall;
        faces ((0 2 14 12) (2 1 13 14) (1 3 15 13) (3 0 12 15));
    }
    farfield
    {
        type patch;
        faces ((4 5 17 16) (5 6 18 17) (6 7 19 18) (7 8 20 19) (4 9 21 16) (11 8 20 23) (9 10 22 21) (10 11 23 22));
    }
    front
    {
        type empty;
        faces ((12 16 17 14) (14 17 18 13) (13 18 19 15) (15 19 20 12) (12 22 21 16) (12 20 23 22));
    }
    back
    {
        type empty;
        faces ((0 4 5 2) (2 5 6 1) (1 6 7 3) (3 7 8 0) (0 10 9 4) (0 8 11 10));
    }
);
